0 0.775229 0.0877894 0.0398657 0.0658859
0 0.6678 0.13721 0.0391018 0.0654738
0 0.523398 0.0983026 0.0387214 0.0645934
0 0.474648 0.299781 0.0386101 0.0625446
0 0.60647 0.300129 0.0381267 0.0633105
0 0.0642906 0.428734 0.0402834 0.0672568
4 0.805111 0.717294 0.0392067 0.0656873
0 0.201256 0.428833 0.0410864 0.0674572
0 0.118617 0.0970303 0.0399725 0.0660739
4 0.605598 0.56931 0.0367178 0.0645488
29 0.400372 0.396712 0.0284298 0.0195633
32 0.68333 0.224449 0.0255253 0.048592
4 0.921275 0.506197 0.0397221 0.0661277
0 0.92143 0.340866 0.0397085 0.0648813
0 0.320456 0.299723 0.0393461 0.0649349
0 0.807284 0.236185 0.0398594 0.0651111
32 0.68241 0.745951 0.0243969 0.0494748
0 0.320272 0.097677 0.0389285 0.0655388
12 0.743465 0.378695 0.0268093 0.0312232
0 0.415322 0.175151 0.0385927 0.0656106
4 0.771608 0.881939 0.0397507 0.0662748
32 0.400153 0.260897 0.0248995 0.0490448
4 0.666397 0.84982 0.0382668 0.064309
4 0.318938 0.881158 0.0394805 0.0662026
29 0.744102 0.426689 0.0277737 0.0201486
32 0.389558 0.60178 0.0240071 0.0481594
4 0.37278 0.678456 0.0385816 0.0637172
4 0.318613 0.567411 0.0392369 0.0658367
4 0.474172 0.567739 0.038196 0.0633944
12 0.741637 0.639973 0.0284279 0.0340401
4 0.522557 0.883316 0.0382437 0.0662951
36 0.303001 0.764871 0.0156603 0.0148478
36 0.537999 0.674762 0.0173281 0.013731
29 0.38919 0.742876 0.0284796 0.0202897
12 0.399345 0.348824 0.0271527 0.0304697
29 0.575472 0.980586 0.0288723 0.0220928
12 0.389307 0.533617 0.0289418 0.0314114
37 0.988987 0.426212 0.00980908 0.0146329
36 0.402869 0.0999397 0.0154436 0.0191017
37 0.720449 0.0880059 0.00813414 0.0122198
30 0.303717 0.030373 0.0237443 0.0131702
30 0.791784 0.0307196 0.0220405 0.0128611
37 0.0617354 0.0989325 0.00816266 0.0117358
36 0.74297 0.33967 0.0171691 0.0128133
30 0.737845 0.601438 0.0484671 0.0124199
30 0.540164 0.031087 0.0249684 0.0120116
37 0.0105456 0.426155 0.00989602 0.0111927
30 0.400591 0.0306077 0.0286596 0.0156018
36 0.490408 0.514747 0.0145101 0.0165161
