0 0.0505334 0.328788 0.0305727 0.0589497
0 0.193587 0.329896 0.0295817 0.0586841
0 0.217974 0.216341 0.0301563 0.0589423
32 0.33122 0.741114 0.0356726 0.0582972
4 0.489529 0.75857 0.0275741 0.0658106
0 0.467183 0.501334 0.0289644 0.0583383
0 0.627999 0.501921 0.029612 0.058865
4 0.605458 0.758744 0.0284015 0.0624059
0 0.748049 0.328271 0.0299558 0.0605006
0 0.391071 0.328494 0.0310819 0.0606141
0 0.54382 0.328792 0.0292282 0.0594651
2 0.39 0.215717 0.0321371 0.0603593
0 0.900961 0.329868 0.0306831 0.0591569
18 0.748825 0.827911 0.0299835 0.066072
32 0.759837 0.707562 0.0301106 0.0493949
2 0.74832 0.216151 0.03024 0.061051
29 0.530047 0.960688 0.0365952 0.0389921
32 0.821327 0.708768 0.0305477 0.0462719
4 0.050241 0.748709 0.0282231 0.0637017
0 0.900874 0.215454 0.0298969 0.0601128
2 0.543951 0.21632 0.0302878 0.0609562
32 0.912209 0.714421 0.0307425 0.0517065
18 0.393598 0.832358 0.0317871 0.062319
4 0.195082 0.74931 0.027479 0.0620859
4 0.121427 0.85115 0.0388615 0.043412
37 0.968077 0.573056 0.0140692 0.0227632
30 0.401139 0.101345 0.0358654 0.0300902
30 0.20432 0.100266 0.0332841 0.0285751
30 0.553723 0.0999428 0.0317097 0.0287828
30 0.758811 0.099295 0.028615 0.0273171
