29 0.131378 0.520412 0.0614601 0.0440646
6 0.195278 0.563879 0.0714399 0.111425
0 0.625288 0.216463 0.072628 0.112725
4 0.380227 0.563941 0.0697628 0.112111
6 0.811671 0.565491 0.0720624 0.10904
4 0.473535 0.823224 0.069999 0.112294
0 0.253976 0.216197 0.0715863 0.112001
4 0.62681 0.563355 0.0702595 0.111383
0 0.752744 0.21644 0.0708947 0.113405
29 0.875206 0.52018 0.0620392 0.0446619
0 0.381482 0.215786 0.0716309 0.111291
28 0.689137 0.37836 0.0782669 0.0501614
28 0.874634 0.435966 0.079013 0.0485162
28 0.316507 0.378736 0.0757011 0.0494577
28 0.13222 0.435904 0.0772314 0.0498243
29 0.504128 0.961219 0.0632933 0.0413214
29 0.31852 0.462719 0.0642086 0.0443221
29 0.689304 0.462842 0.0650053 0.0442834
37 0.0851154 0.360658 0.0275516 0.0348492
37 0.0867449 0.563544 0.0278345 0.0338496
37 0.920747 0.563919 0.0263456 0.034779
37 0.919794 0.361694 0.0275181 0.0348325
37 0.503874 0.0502311 0.0281187 0.0354278
37 0.382648 0.822767 0.0165699 0.0208519
