23 0.249702 0.433262 0.139134 0.263356
4 0.666626 0.424291 0.0612895 0.113499
12 0.890053 0.692436 0.0701115 0.116346
0 0.508783 0.192529 0.059751 0.11446
0 0.784732 0.300321 0.0618265 0.11237
0 0.666533 0.191979 0.0607561 0.114909
4 0.457021 0.436126 0.0628057 0.11337
29 0.810729 0.973132 0.0450271 0.0536865
29 0.482869 0.601834 0.0443041 0.053163
29 0.692122 0.594047 0.0455985 0.0518838
32 0.810281 0.780878 0.0447584 0.0865519
32 0.809367 0.567577 0.045389 0.0851045
37 0.142503 0.374088 0.0263606 0.0445348
29 0.890591 0.972669 0.0452709 0.0516781
37 0.612432 0.422871 0.0260035 0.0425237
30 0.484641 0.0783943 0.0302576 0.0255404
