6 0.736057 0.799073 0.065227 0.101052
6 0.599966 0.797743 0.0634081 0.100566
6 0.374654 0.797943 0.0623714 0.100033
0 0.65355 0.192587 0.0626053 0.0992082
0 0.0709678 0.192849 0.0608849 0.0972532
0 0.871608 0.324662 0.0614258 0.101669
0 0.0709588 0.466206 0.0615149 0.0989251
4 0.28624 0.469423 0.064386 0.100048
0 0.150562 0.46566 0.061192 0.100315
4 0.736577 0.466319 0.0605156 0.0980097
0 0.15092 0.192878 0.061913 0.101993
4 0.0702147 0.794937 0.0629513 0.102199
0 0.735765 0.191842 0.0623276 0.0995282
0 0.340388 0.189237 0.0608222 0.098219
4 0.654467 0.46817 0.0626551 0.0975014
4 0.521552 0.468188 0.0648863 0.101127
6 0.15133 0.796928 0.0625159 0.102456
4 0.871771 0.798434 0.0620071 0.102903
28 0.828984 0.537667 0.0188992 0.0671966
29 0.943484 0.725844 0.0331745 0.0258189
0 0.465913 0.18973 0.0614884 0.0985949
32 0.0437862 0.880786 0.03758 0.0696194
37 0.229834 0.468021 0.0140152 0.0240771
28 0.943562 0.628625 0.0419422 0.0285208
37 0.5759 0.466505 0.0154197 0.0234728
29 0.401523 0.929375 0.0416218 0.0190705
29 0.627178 0.929966 0.0403698 0.019203
30 0.314335 0.0783828 0.0349755 0.0233609
30 0.763672 0.0785069 0.0358532 0.0250215
29 0.17736 0.929889 0.0389541 0.018953
30 0.493184 0.0777701 0.0336227 0.0238299
30 0.627233 0.078729 0.0364067 0.0243491
37 0.96436 0.538307 0.0126592 0.0224461
29 0.762313 0.930508 0.0385253 0.0193799
30 0.178815 0.077907 0.0335528 0.0237044
