4 0.423302 0.601991 0.0681564 0.114065
12 0.277462 0.81302 0.0673797 0.101063
4 0.601138 0.601244 0.0682619 0.112056
32 0.222935 0.287898 0.0546213 0.0735704
0 0.366478 0.199661 0.0673856 0.107011
4 0.892019 0.601134 0.0673191 0.112006
0 0.657796 0.199234 0.0646549 0.10432
0 0.835541 0.199303 0.066898 0.106749
29 0.863311 0.817506 0.043323 0.0664943
4 0.13184 0.601253 0.0691026 0.112901
32 0.808125 0.288794 0.0535862 0.0723001
32 0.691516 0.288781 0.0546412 0.0712898
29 0.27674 0.951877 0.0404898 0.0654796
0 0.18942 0.19917 0.0665854 0.106169
29 0.628833 0.817009 0.0435913 0.0667399
32 0.3394 0.289918 0.0563876 0.0710388
37 0.803931 0.421458 0.0221846 0.0321207
37 0.050767 0.738303 0.0211066 0.0324795
37 0.0509203 0.599877 0.021807 0.0334327
37 0.687131 0.420793 0.0204157 0.0326083
30 0.16155 0.0704438 0.033022 0.0333904
30 0.863499 0.0694065 0.0315873 0.0268066
30 0.394066 0.0699861 0.0392065 0.0374061
30 0.629909 0.0705738 0.0396299 0.0367888
