32 0.865984 0.536258 0.0540516 0.177619
23 0.317348 0.603622 0.161794 0.394136
29 0.866428 0.914258 0.0791059 0.118848
32 0.694878 0.353568 0.0550083 0.178816
32 0.505413 0.351234 0.0544064 0.175829
29 0.696275 0.916004 0.0795483 0.115215
32 0.505242 0.724328 0.0528202 0.183298
29 0.505439 0.917957 0.0782869 0.114732
37 0.951756 0.180957 0.0242636 0.0500584
0 0.211523 0.273654 0.121991 0.208177
37 0.042646 0.179966 0.0239561 0.0509248
37 0.437511 0.719724 0.0239171 0.0504309
28 0.694534 0.704778 0.0978848 0.0994859
