32 0.913405 0.721711 0.0243656 0.0715257
12 0.224797 0.0719856 0.0464744 0.063443
7 0.489569 0.776546 0.0424978 0.0743167
3 0.521559 0.347289 0.0399444 0.0758004
3 0.208484 0.270316 0.0400928 0.0769175
3 0.897692 0.449815 0.0406368 0.0740241
3 0.702788 0.347035 0.0437149 0.0767556
7 0.70294 0.775333 0.0446292 0.0756451
7 0.134737 0.774786 0.0441911 0.0743752
3 0.348451 0.502068 0.0412769 0.0754585
7 0.34789 0.774976 0.0433193 0.0745616
3 0.104009 0.502623 0.0410829 0.0754199
37 0.985079 0.567541 0.0117357 0.0203169
30 0.718026 0.0310467 0.0337557 0.023906
37 0.394851 0.503837 0.0101931 0.0185822
30 0.916112 0.0309663 0.0349718 0.0216756
30 0.504845 0.0308828 0.0315908 0.0213019
37 0.0588292 0.503758 0.0115622 0.0174563
