11 0.171109 0.287277 0.0780063 0.0779302
4 0.373744 0.756903 0.0773773 0.115256
0 0.311788 0.468452 0.0774031 0.111132
0 0.45868 0.209882 0.0758392 0.112607
29 0.171685 0.379934 0.0658939 0.0453468
4 0.605875 0.756316 0.0775837 0.113607
0 0.666867 0.46883 0.0753638 0.111155
29 0.0495696 0.955191 0.0655994 0.04724
29 0.831969 0.955122 0.0654934 0.0478132
37 0.931875 0.468718 0.0300677 0.0359297
29 0.932143 0.95516 0.0653763 0.0475497
29 0.490228 0.954013 0.0688739 0.045221
37 0.831414 0.614561 0.0295234 0.034395
37 0.0490786 0.469118 0.029251 0.0362807
37 0.831559 0.862749 0.0296974 0.0330957
37 0.0489578 0.862663 0.0303208 0.033863
37 0.931442 0.862848 0.0295154 0.0331772
37 0.489151 0.0771349 0.0302225 0.0379373
37 0.65788 0.706221 0.0305866 0.0354939
