32 0.675436 0.363055 0.038225 0.0923309
0 0.861242 0.154255 0.0590548 0.10136
2 0.518837 0.154005 0.0598511 0.0992452
32 0.12283 0.36383 0.0381363 0.0883589
0 0.310926 0.153471 0.0592247 0.102645
32 0.544715 0.635412 0.0385335 0.092355
29 0.289631 0.957754 0.067773 0.0537175
18 0.263276 0.800623 0.0637562 0.111552
32 0.123572 0.577887 0.0372608 0.0917372
18 0.518665 0.801932 0.0656349 0.111317
29 0.676339 0.955383 0.0671503 0.0532596
29 0.543937 0.957764 0.0671936 0.0535778
32 0.884629 0.571981 0.0384409 0.0940978
32 0.675567 0.578041 0.0377951 0.091891
29 0.46525 0.957462 0.0672653 0.0540284
29 0.209311 0.958033 0.0668031 0.0535686
23 0.416029 0.298357 0.102173 0.140016
29 0.884653 0.955347 0.0671967 0.0543015
29 0.123186 0.96148 0.0663934 0.0505245
37 0.981563 0.42409 0.0175179 0.0269277
30 0.886941 0.0424817 0.0361565 0.0267595
30 0.543878 0.0419727 0.0369419 0.0252914
30 0.285349 0.0422476 0.0355682 0.0258735
