2 0.414248 0.244428 0.0630623 0.148507
0 0.558354 0.464357 0.0655596 0.150271
0 0.189193 0.242457 0.0620962 0.148599
4 0.189034 0.725671 0.0623952 0.152098
32 0.16288 0.492367 0.0366134 0.124681
4 0.377363 0.739411 0.0620601 0.151331
28 0.746449 0.434999 0.0309767 0.108596
0 0.324761 0.464891 0.0631382 0.14941
4 0.505032 0.738412 0.062402 0.152053
0 0.771415 0.24238 0.0629494 0.149944
4 0.771013 0.624942 0.0626783 0.149539
29 0.892173 0.686021 0.0621831 0.0629802
30 0.441671 0.0951739 0.0478336 0.0331729
28 0.892386 0.525889 0.0626045 0.0556503
29 0.532705 0.96129 0.0635317 0.0637531
37 0.266323 0.464435 0.0205121 0.0365793
37 0.932298 0.436558 0.0192852 0.0359165
37 0.617236 0.463799 0.0199785 0.0360507
