0 0.241804 0.212439 0.0689334 0.113269
4 0.393759 0.554364 0.0676474 0.117591
0 0.870911 0.21291 0.0690773 0.114966
0 0.871458 0.659649 0.068853 0.111
4 0.051996 0.869054 0.0698658 0.117165
0 0.453528 0.211755 0.0680572 0.11402
0 0.241541 0.658828 0.0691188 0.11031
4 0.720315 0.553059 0.0688163 0.116044
4 0.527154 0.86895 0.0706204 0.114874
0 0.660848 0.212497 0.0680544 0.114202
0 0.052531 0.212436 0.0701912 0.11728
37 0.730401 0.345238 0.031736 0.040986
37 0.17803 0.659681 0.0159704 0.0223978
37 0.938813 0.657355 0.0129058 0.021249
29 0.271576 0.974965 0.0328381 0.0372472
37 0.939333 0.210464 0.0127796 0.0211636
30 0.424728 0.107615 0.0309723 0.0373351
