23 0.811592 0.398252 0.152602 0.315132
29 0.586012 0.953356 0.046086 0.0504044
8 0.618832 0.302983 0.0652146 0.116963
29 0.0356816 0.95369 0.0464575 0.0498777
32 0.14209 0.487456 0.0407261 0.113142
32 0.477455 0.165015 0.0410686 0.114448
32 0.142059 0.166111 0.0410764 0.11189
29 0.144084 0.953479 0.0457513 0.0496299
29 0.951271 0.953084 0.0456049 0.0484326
18 0.125771 0.768318 0.059164 0.190286
29 0.478775 0.953879 0.0452358 0.0518759
36 0.478092 0.297609 0.037829 0.0545864
18 0.495728 0.769065 0.0562933 0.186163
37 0.950419 0.85465 0.0205349 0.0273147
