14 0.861807 0.753853 0.104296 0.160346
14 0.15761 0.505291 0.102181 0.154916
14 0.558632 0.503761 0.100791 0.156053
18 0.859978 0.342117 0.0986798 0.154605
18 0.317916 0.346554 0.0986831 0.157979
14 0.323833 0.75414 0.0989425 0.155406
18 0.477663 0.22016 0.0993809 0.152913
29 0.355757 0.510364 0.0423321 0.0254919
18 0.238597 0.21853 0.0996196 0.153873
37 0.0426846 0.5044 0.0179471 0.0165664
37 0.535981 0.0563458 0.0439371 0.029735
37 0.972969 0.551199 0.0138583 0.0178413
37 0.205489 0.753543 0.0213517 0.0212544
37 0.97663 0.550754 0.0180138 0.0188635
