4 0.474967 0.791062 0.0266932 0.0802358
4 0.388197 0.521167 0.0273586 0.100535
6 0.387713 0.791106 0.0271287 0.0807109
0 0.387036 0.327352 0.0281007 0.0876225
0 0.289458 0.328621 0.0290304 0.0836816
2 0.563815 0.41847 0.0300945 0.0899572
4 0.694648 0.778737 0.0293292 0.0886775
0 0.0609334 0.333175 0.027457 0.0861057
0 0.694176 0.33194 0.0287884 0.0846768
0 0.69439 0.154741 0.0288881 0.08627
4 0.587129 0.778289 0.0262038 0.0894473
28 0.627961 0.516536 0.0158913 0.0618789
0 0.167589 0.332277 0.0277511 0.0864844
4 0.289733 0.51731 0.0274067 0.0857812
4 0.890989 0.669663 0.0298355 0.0860903
4 0.289903 0.790072 0.0263439 0.0801783
29 0.544578 0.941483 0.0294018 0.0371047
0 0.889711 0.419697 0.0282013 0.0893805
28 0.964164 0.705312 0.0302557 0.0303711
2 0.102701 0.157758 0.0288899 0.0843903
28 0.801563 0.819576 0.028128 0.0327458
32 0.802423 0.756819 0.0230434 0.0523302
37 0.651515 0.326793 0.0134028 0.0249149
0 0.102611 0.156786 0.0286119 0.0831622
30 0.398905 0.0720146 0.0226087 0.0282636
37 0.213009 0.330906 0.00764394 0.0194152
30 0.276183 0.0729489 0.0242162 0.0269786
