6 0.701283 0.845403 0.0594383 0.0664715
6 0.701464 0.719866 0.0597713 0.0670593
2 0.513123 0.392644 0.0633298 0.0655719
2 0.325469 0.393172 0.0617793 0.0651391
2 0.700521 0.393297 0.0627507 0.0663115
0 0.0387002 0.136266 0.0640877 0.0666415
4 0.836483 0.719935 0.0623532 0.0674462
2 0.700183 0.138072 0.0627233 0.0661422
2 0.325316 0.136723 0.0614214 0.0656215
0 0.837013 0.392656 0.0625608 0.0673247
0 0.0385845 0.392683 0.0627698 0.067163
4 0.0385005 0.719577 0.0615186 0.0673269
4 0.836759 0.845277 0.0614072 0.0682304
4 0.563597 0.718255 0.0631888 0.0699144
0 0.836697 0.137074 0.0622486 0.0664632
4 0.56406 0.84467 0.0628906 0.0683959
4 0.325691 0.719432 0.0622147 0.0655563
32 0.350589 0.888618 0.0600165 0.0562549
29 0.48003 0.98368 0.0512276 0.0306343
32 0.726982 0.573138 0.061218 0.0564652
30 0.351668 0.0486468 0.0347942 0.0161499
37 0.861776 0.597389 0.0206227 0.015554
37 0.910069 0.221103 0.0198269 0.0158636
30 0.727191 0.0488925 0.0354691 0.0163469
37 0.865686 0.518513 0.0185974 0.0155036
30 0.539807 0.0489262 0.0370703 0.0158751
