0 0.599759 0.229333 0.0725189 0.0913824
4 0.899675 0.836091 0.075478 0.0971587
0 0.397583 0.231254 0.070709 0.0942499
0 0.898173 0.230348 0.0711777 0.0942346
4 0.659767 0.524404 0.074111 0.095535
4 0.337886 0.523272 0.0732229 0.095339
0 0.263629 0.231043 0.0716929 0.0924898
29 0.494699 0.783171 0.0503395 0.0405001
12 0.493008 0.698168 0.0763138 0.0926002
0 0.727767 0.229656 0.0712053 0.0935562
0 0.0871695 0.231197 0.0732789 0.09441
4 0.0860581 0.836539 0.0757128 0.0991976
37 0.745302 0.522497 0.028746 0.0374712
37 0.980618 0.528463 0.0286265 0.0377002
37 0.260247 0.523916 0.0280868 0.0380687
29 0.494581 0.977142 0.0515091 0.0402943
30 0.0582012 0.135288 0.0370759 0.0292042
30 0.292375 0.134734 0.0420232 0.0294498
36 0.490385 0.263475 0.025853 0.0306039
30 0.93104 0.134036 0.0369695 0.0245191
30 0.368989 0.134518 0.0404419 0.0298117
29 0.934962 0.934501 0.0256874 0.0266543
30 0.629354 0.134532 0.0376175 0.0274933
30 0.698559 0.134864 0.0381782 0.0269199
36 0.484842 0.261244 0.0225767 0.0316394
29 0.0533322 0.935108 0.0414802 0.0271101
29 0.931234 0.93449 0.035416 0.0283263
36 0.49498 0.261131 0.0322024 0.029836
29 0.945442 0.935098 0.0178847 0.0261413
