4 0.313707 0.787684 0.0843321 0.135578
4 0.495818 0.78765 0.0824767 0.133786
0 0.130479 0.230489 0.0833347 0.132813
4 0.858375 0.787854 0.083112 0.134114
0 0.858088 0.342678 0.0828484 0.134215
12 0.0990345 0.563448 0.11551 0.128553
4 0.677452 0.787526 0.0801647 0.134809
0 0.313572 0.34264 0.0820445 0.1335
0 0.556123 0.229831 0.0800783 0.132757
29 0.152222 0.950773 0.0905591 0.0461706
37 0.763602 0.565014 0.0489073 0.0476247
37 0.974586 0.454399 0.0492085 0.0426773
37 0.408525 0.564843 0.0493163 0.0484621
7 0.677911 0.563537 0.0832425 0.133112
7 0.495729 0.562497 0.0821733 0.133261
36 0.276861 0.231954 0.0230398 0.0399443
36 0.581077 0.343552 0.0234643 0.0415105
37 0.950939 0.896254 0.0226436 0.0305606
30 0.100168 0.121029 0.0406077 0.0384006
30 0.886915 0.123406 0.0467404 0.0401732
30 0.281538 0.121285 0.0398395 0.0397932
30 0.585181 0.121866 0.0468205 0.0395179
37 0.0372916 0.896898 0.021125 0.031235
37 0.951152 0.12157 0.0217968 0.0277966
