4 0.320377 0.511985 0.093839 0.0830041
4 0.793496 0.706855 0.0912614 0.0819774
23 0.523834 0.566134 0.17889 0.115041
4 0.492855 0.87165 0.094207 0.0820491
4 0.720383 0.511486 0.0931588 0.0817425
0 0.321581 0.132924 0.09295 0.0798806
0 0.719884 0.348948 0.0925863 0.0798729
0 0.719843 0.132693 0.0895481 0.0806696
0 0.320095 0.348276 0.0922948 0.0805187
4 0.24922 0.707088 0.0912857 0.0832112
37 0.414315 0.426099 0.0300332 0.021139
23 0.523049 0.294844 0.182633 0.113973
30 0.523797 0.0310126 0.0907386 0.0209306
37 0.361168 0.872163 0.0298564 0.0205886
37 0.957974 0.70746 0.0289126 0.0215572
29 0.528573 0.98663 0.0509604 0.0262083
37 0.628324 0.426255 0.0311274 0.020472
37 0.069563 0.707108 0.0306111 0.0209908
27 0.5235 0.294562 0.180387 0.11169
