0 0.891566 0.24219 0.0518642 0.132847
0 0.241107 0.448408 0.0515251 0.138567
0 0.640679 0.243441 0.0531045 0.134865
32 0.862445 0.397463 0.0562289 0.071097
4 0.640625 0.731369 0.0549165 0.138081
0 0.46496 0.44929 0.0513586 0.136952
0 0.0656745 0.243749 0.0526423 0.134638
4 0.422831 0.731597 0.0530841 0.137295
28 0.80039 0.398383 0.0169281 0.0867822
4 0.0652203 0.732885 0.0549281 0.139515
4 0.282766 0.734852 0.0532763 0.137318
37 0.538528 0.450136 0.0290681 0.0677946
12 0.913126 0.670831 0.0367954 0.0869497
37 0.963819 0.513286 0.0273174 0.0659817
37 0.166292 0.451376 0.0286942 0.0691012
12 0.348429 0.177452 0.03687 0.0843065
