23 0.430346 0.294771 0.278065 0.137141
18 0.647884 0.835802 0.147636 0.0869476
18 0.213462 0.836678 0.150857 0.0882114
32 0.148228 0.522649 0.0876615 0.0858696
0 0.195336 0.166803 0.121272 0.0929642
32 0.148672 0.69891 0.0898234 0.0874744
32 0.710058 0.346571 0.0885714 0.0873489
32 0.710742 0.521568 0.088344 0.0862366
0 0.661229 0.165849 0.118579 0.0891561
29 0.435381 0.985623 0.215714 0.0287537
37 0.912464 0.236804 0.0444588 0.0261873
30 0.147616 0.0640687 0.0551172 0.0201138
30 0.708553 0.0626388 0.0623431 0.0199584
37 0.955809 0.0627186 0.0266186 0.0162131
37 0.0905799 0.942639 0.0285361 0.0179855
37 0.956245 0.940472 0.0298792 0.0178807
37 0.912315 0.27591 0.0381543 0.0354352
