0 0.0390129 0.357533 0.0499014 0.0822697
4 0.0393969 0.643715 0.0502271 0.080514
0 0.317386 0.356357 0.047882 0.0796372
4 0.0404464 0.801018 0.0516317 0.083886
0 0.038796 0.226214 0.0499631 0.0820611
0 0.316817 0.223992 0.049347 0.0806064
4 0.316418 0.491421 0.04996 0.0806929
4 0.408866 0.731774 0.0498803 0.0797728
4 0.229919 0.7318 0.0492495 0.0806555
0 0.818921 0.224181 0.0496891 0.0803578
0 0.552673 0.219694 0.0520449 0.081338
0 0.817184 0.347737 0.05135 0.0819551
0 0.549305 0.351645 0.0476967 0.0825083
4 0.817885 0.643475 0.0513306 0.0808707
37 0.440292 0.0711951 0.0190738 0.0182296
4 0.55179 0.490089 0.0500889 0.0835639
4 0.820449 0.80012 0.0523321 0.0805576
37 0.220845 0.491017 0.0177629 0.0183574
37 0.647616 0.489301 0.0178692 0.0177167
37 0.943499 0.530901 0.0179149 0.0179926
37 0.458819 0.937304 0.0199101 0.0192781
37 0.210191 0.609847 0.0183244 0.0160237
