6 0.356915 0.795665 0.0541149 0.117775
4 0.500699 0.494776 0.0547614 0.118567
32 0.736183 0.38213 0.0778754 0.0793333
4 0.253165 0.494754 0.0541266 0.117884
4 0.831533 0.793686 0.0550322 0.120525
0 0.831439 0.203833 0.0520885 0.117186
0 0.45728 0.203776 0.0523884 0.114621
0 0.296247 0.203642 0.0522543 0.116204
4 0.0916096 0.793517 0.0550422 0.121688
28 0.619539 0.382525 0.0323544 0.0961783
32 0.0719519 0.305865 0.0442022 0.13124
37 0.183749 0.494059 0.0233445 0.0364772
37 0.9117 0.381898 0.0205189 0.0367989
36 0.378841 0.652995 0.0219761 0.0246968
37 0.184294 0.658753 0.0223018 0.0382584
30 0.479239 0.0903748 0.0310303 0.0299127
30 0.275224 0.0902249 0.0323974 0.0286651
37 0.145958 0.490746 0.00988407 0.0199926
