2 0.25704 0.264146 0.0238315 0.0742491
32 0.263959 0.59072 0.0157131 0.0639838
29 0.142566 0.842318 0.0534062 0.0378416
29 0.296186 0.841246 0.0275883 0.0350191
29 0.847318 0.843641 0.0278534 0.0362984
29 0.503686 0.847648 0.0214695 0.0367403
4 0.649298 0.672478 0.025445 0.0700648
32 0.154341 0.571134 0.014799 0.0580011
32 0.1547 0.416643 0.014252 0.0563034
0 0.0566634 0.263837 0.0217888 0.0768883
4 0.429229 0.682588 0.021427 0.0695974
32 0.362958 0.57928 0.027541 0.0362232
4 0.857832 0.495024 0.0234705 0.0766165
2 0.734201 0.264475 0.0219904 0.0739135
4 0.494134 0.681366 0.0225151 0.0693217
29 0.570926 0.849721 0.0216079 0.0317859
29 0.197469 0.846923 0.0200482 0.0336968
29 0.820969 0.844275 0.0362293 0.0367882
0 0.560343 0.328963 0.0236637 0.073086
29 0.420391 0.848588 0.0220723 0.0360423
29 0.889762 0.850069 0.0284885 0.0318891
29 0.740099 0.845605 0.0292209 0.0392478
4 0.75133 0.666128 0.022208 0.0714995
29 0.263076 0.841843 0.0275052 0.0372094
18 0.273533 0.728678 0.0235359 0.0807741
18 0.108828 0.726807 0.0242192 0.0822105
29 0.0979564 0.842279 0.0289624 0.0411008
29 0.979717 0.242941 0.0207122 0.036212
0 0.0569188 0.131263 0.0230297 0.0735349
29 0.658964 0.849018 0.021121 0.0357487
0 0.946468 0.133053 0.0290009 0.0727562
0 0.945163 0.262961 0.0238613 0.0739912
29 0.321783 0.840149 0.0299639 0.0333461
4 0.924357 0.665372 0.0247105 0.0731943
2 0.470843 0.328066 0.0226036 0.0714715
29 0.82987 0.844303 0.0541746 0.038553
29 0.0480162 0.83947 0.0250713 0.0345664
4 0.580971 0.67271 0.0232708 0.0707599
0 0.109188 0.261653 0.0224629 0.073981
0 0.332949 0.327509 0.0235149 0.0753835
0 0.514595 0.469935 0.0275198 0.0767027
4 0.33224 0.683935 0.0231729 0.0677852
29 0.297926 0.841537 0.0483479 0.0370448
32 0.0486364 0.564194 0.016114 0.0630505
2 0.73384 0.131197 0.0234657 0.0737522
32 0.197753 0.570663 0.0160804 0.0562924
0 0.410687 0.467038 0.0237052 0.070975
2 0.256991 0.132039 0.021602 0.0695318
2 0.650977 0.263209 0.0237415 0.0725065
29 0.309128 0.84087 0.0563154 0.035183
29 0.934248 0.850743 0.0288935 0.0339556
4 0.900227 0.495736 0.0224885 0.0709813
2 0.650161 0.130657 0.024683 0.0702757
29 0.108592 0.841169 0.0465904 0.0420608
2 0.10809 0.130825 0.0253246 0.0737926
30 0.460578 0.0520386 0.0205075 0.0266664
30 0.570637 0.0524138 0.0171674 0.0248696
6 0.807755 0.667571 0.0217736 0.072701
29 0.133703 0.843344 0.0734258 0.0391783
0 0.808899 0.261056 0.0238554 0.0722557
30 0.81877 0.0519661 0.0165051 0.0247607
