14 0.861843 0.753946 0.10444 0.160474
14 0.157553 0.505198 0.102345 0.154577
14 0.558659 0.503779 0.100834 0.155315
18 0.860044 0.342106 0.0988666 0.154264
18 0.317968 0.346708 0.0989181 0.1579
14 0.323701 0.754101 0.0991181 0.155286
18 0.477773 0.220165 0.0994579 0.152542
29 0.355832 0.510402 0.0422809 0.0256516
18 0.238586 0.218667 0.0998652 0.153621
37 0.0425772 0.504199 0.0177542 0.0163036
37 0.536143 0.0563265 0.0443498 0.0298245
37 0.973213 0.551136 0.013895 0.0176838
37 0.205525 0.753522 0.0215805 0.0212163
37 0.976836 0.55061 0.0184738 0.0189244
