12 0.493358 0.786016 0.127913 0.110421
37 0.158388 0.418463 0.0708512 0.0433003
37 0.844746 0.417729 0.0714328 0.0416107
0 0.654071 0.270115 0.138746 0.135987
4 0.765884 0.56689 0.135076 0.131871
4 0.222082 0.567989 0.138491 0.132626
0 0.3321 0.270126 0.132425 0.135228
29 0.493707 0.962166 0.103752 0.0608066
37 0.0893887 0.562452 0.0672972 0.0463888
37 0.89919 0.563439 0.067961 0.0463928
37 0.493797 0.357402 0.0472912 0.0423413
30 0.71204 0.136497 0.102778 0.0436475
30 0.274238 0.135573 0.111038 0.0413436
