4 0.423336 0.602019 0.0680938 0.113868
12 0.277454 0.813025 0.0673162 0.101038
4 0.601131 0.601216 0.0682357 0.111961
32 0.222894 0.287929 0.0546129 0.0735923
0 0.366504 0.199619 0.0673234 0.106964
4 0.891994 0.601111 0.0672674 0.111927
0 0.835506 0.199326 0.0668007 0.10669
0 0.657801 0.199266 0.0645968 0.10421
29 0.863236 0.8175 0.0433389 0.0664585
4 0.131819 0.601222 0.0690755 0.112885
32 0.80814 0.28875 0.0535507 0.0723943
32 0.691485 0.288774 0.0545494 0.0713476
29 0.276761 0.951873 0.040461 0.0655427
0 0.189402 0.199155 0.066571 0.106104
29 0.628844 0.817032 0.043561 0.0667337
32 0.339393 0.289932 0.0562796 0.071089
37 0.803906 0.421454 0.0221262 0.0321857
37 0.050686 0.738321 0.0210345 0.0325388
37 0.0508995 0.599873 0.0217319 0.033354
37 0.687115 0.420816 0.0204559 0.0327096
30 0.161499 0.0703723 0.0331066 0.0336095
30 0.863469 0.0694223 0.0316578 0.0268143
30 0.394092 0.0700066 0.0392822 0.0374435
30 0.62994 0.0705921 0.0395141 0.0368906
