6 0.701278 0.845396 0.0595358 0.0664125
6 0.701472 0.719864 0.0598125 0.0670214
2 0.513124 0.392629 0.0633297 0.0655752
2 0.325475 0.393188 0.0616981 0.065181
2 0.700537 0.393309 0.062739 0.0663233
0 0.0386834 0.136273 0.0640993 0.0666447
2 0.700171 0.138101 0.0626755 0.0661841
4 0.836481 0.719924 0.0622997 0.0675026
2 0.325284 0.136727 0.0614058 0.0656798
0 0.837015 0.392669 0.0625419 0.0673838
0 0.0385867 0.392685 0.0627633 0.0671511
4 0.0385357 0.719569 0.0616183 0.0672908
4 0.836761 0.845289 0.0613839 0.0682057
4 0.563613 0.718258 0.0631969 0.0699019
0 0.836685 0.1371 0.0622434 0.0664899
4 0.32563 0.719431 0.0622001 0.065544
4 0.564069 0.844654 0.0629355 0.0684449
32 0.350583 0.888568 0.0600284 0.0562387
29 0.480019 0.983664 0.0511903 0.0306252
32 0.726957 0.573119 0.0612748 0.0564589
30 0.351714 0.0485976 0.0347215 0.0160499
37 0.861781 0.597369 0.0205258 0.0154594
37 0.910089 0.221158 0.0197893 0.0157551
30 0.727149 0.0489007 0.0353362 0.0162968
37 0.865661 0.518461 0.0184503 0.0154148
30 0.539798 0.048941 0.0371157 0.0158624
