0 0.599729 0.229396 0.072527 0.0913034
4 0.899656 0.836136 0.0754524 0.0971704
0 0.397587 0.231334 0.0707184 0.0943152
0 0.898207 0.230397 0.0712603 0.0940739
4 0.659747 0.524459 0.0741173 0.09542
4 0.337882 0.52327 0.073234 0.095389
0 0.263725 0.23108 0.0717298 0.0925025
29 0.494689 0.7832 0.0503427 0.0405657
12 0.49303 0.698162 0.0764269 0.0926152
0 0.727759 0.229717 0.0712912 0.0933575
0 0.0870944 0.231234 0.0735086 0.0943235
4 0.0861087 0.836586 0.0756563 0.0991617
37 0.745319 0.522499 0.0287735 0.0376192
37 0.980649 0.528526 0.0286455 0.0376108
37 0.260244 0.523905 0.0281889 0.0381298
29 0.494625 0.977079 0.0516407 0.040412
30 0.0582105 0.135282 0.037113 0.0291886
30 0.292361 0.134742 0.042135 0.0294451
36 0.49036 0.263371 0.0257034 0.0305354
30 0.931057 0.133975 0.0371041 0.024532
30 0.368977 0.13451 0.0406554 0.0298283
30 0.629391 0.134576 0.0378606 0.027557
29 0.934801 0.934517 0.0253475 0.026677
30 0.698689 0.134934 0.0381926 0.0267486
36 0.484677 0.2612 0.0223078 0.0316439
29 0.0533551 0.935157 0.0414728 0.0271397
29 0.930919 0.93451 0.0348218 0.0283418
29 0.945475 0.935076 0.0178356 0.026138
36 0.494993 0.260989 0.032197 0.0294864
