0 0.775224 0.0877753 0.0398584 0.0658718
0 0.667795 0.137214 0.0391024 0.0654566
0 0.523401 0.0982911 0.0387092 0.0645268
0 0.474658 0.299789 0.0386283 0.0625568
0 0.606466 0.300128 0.0381292 0.0632989
0 0.0642946 0.428737 0.0402774 0.0672587
4 0.80511 0.717273 0.0392094 0.0656318
0 0.201253 0.428838 0.0410885 0.0674652
0 0.118616 0.0970435 0.0399785 0.0660394
4 0.605596 0.569332 0.0367192 0.0645364
29 0.400379 0.396706 0.0284571 0.0195483
32 0.683334 0.224449 0.025527 0.0486056
4 0.921274 0.506198 0.0397194 0.066124
0 0.921437 0.340865 0.0397156 0.0648734
0 0.320455 0.299728 0.0393506 0.064939
0 0.807281 0.236183 0.0398716 0.0651066
32 0.682417 0.745957 0.0244059 0.0494765
0 0.320275 0.0976802 0.0389198 0.065447
12 0.743474 0.378692 0.026811 0.0312389
0 0.415318 0.175157 0.0385934 0.0656097
4 0.771608 0.881936 0.039743 0.0662627
32 0.40016 0.260892 0.0248905 0.0490325
4 0.666394 0.849829 0.0382766 0.0643208
4 0.318936 0.881173 0.0394863 0.0661498
29 0.7441 0.426686 0.0277761 0.020151
32 0.389558 0.601752 0.0240264 0.0481116
4 0.372782 0.678462 0.0385901 0.0637119
4 0.318609 0.567402 0.0392415 0.0658438
4 0.474172 0.567733 0.0381872 0.0633951
12 0.741635 0.639976 0.0284338 0.0340279
4 0.522556 0.883316 0.0382438 0.0662928
36 0.302999 0.764868 0.0156388 0.0148125
36 0.53801 0.674757 0.0172974 0.0137326
29 0.38918 0.742876 0.0285014 0.0202857
12 0.399346 0.348827 0.0271529 0.0304654
29 0.575455 0.980582 0.0288642 0.0220995
12 0.389296 0.533615 0.0289599 0.0314162
37 0.988978 0.426217 0.0097866 0.0145952
36 0.402874 0.0999353 0.0154369 0.0191158
37 0.72045 0.0879991 0.00813488 0.0121969
30 0.303719 0.0303727 0.0237471 0.0131609
30 0.791781 0.0307229 0.0220461 0.0128624
37 0.0617351 0.0989052 0.00815405 0.0117072
36 0.742969 0.339685 0.0171932 0.0128
30 0.737873 0.601437 0.0485422 0.0124171
30 0.540164 0.03109 0.0249912 0.0120144
37 0.0105444 0.426156 0.00990163 0.0111835
30 0.400593 0.0306087 0.028675 0.015592
36 0.490401 0.514743 0.0145241 0.0165088
