23 0.473867 0.437934 0.155716 0.215064
4 0.652775 0.702567 0.0754587 0.105593
4 0.653035 0.439295 0.0768467 0.106021
32 0.682011 0.198993 0.0486285 0.089989
11 0.143617 0.542212 0.0692242 0.0533308
29 0.456648 0.964961 0.0540796 0.0354683
29 0.682522 0.964477 0.0540326 0.0338555
29 0.143327 0.672021 0.0531613 0.0366799
37 0.456184 0.701821 0.020709 0.0285967
37 0.456604 0.832181 0.0204184 0.0291171
30 0.681482 0.0940091 0.049263 0.0386338
37 0.973258 0.309811 0.0185808 0.0224956
37 0.974828 0.83565 0.0242306 0.0271708
30 0.678484 0.0951 0.0683674 0.0395239
37 0.975182 0.829649 0.0278755 0.0312854
