4 0.508823 0.435798 0.0505263 0.116853
0 0.466882 0.220729 0.0510746 0.116288
0 0.691619 0.22111 0.0525578 0.116049
4 0.860654 0.434717 0.0519806 0.11904
4 0.338318 0.428648 0.0523659 0.11473
4 0.86198 0.789175 0.0537815 0.121002
32 0.106807 0.256901 0.0321804 0.0990128
4 0.691948 0.788571 0.0531648 0.119702
0 0.380879 0.219504 0.0523825 0.115709
4 0.401659 0.787473 0.0522285 0.11887
4 0.128141 0.788893 0.0514789 0.117828
36 0.71245 0.656177 0.0371533 0.0492224
36 0.10784 0.419236 0.0370102 0.0487655
29 0.97348 0.853176 0.0353352 0.0398023
36 0.421986 0.657429 0.0357028 0.050477
29 0.578229 0.533691 0.0384237 0.0387963
29 0.0281977 0.739535 0.0374566 0.0408254
30 0.881488 0.0936193 0.0268267 0.0384594
30 0.107267 0.094426 0.0247305 0.0432461
37 0.973942 0.540195 0.0140469 0.0297361
37 0.0282311 0.427254 0.0128197 0.0299512
30 0.360382 0.0926536 0.0280242 0.0384418
30 0.713362 0.0919007 0.0270994 0.0392543
30 0.488323 0.0916717 0.026 0.0370294
37 0.0280889 0.663314 0.0148208 0.0316509
37 0.0762606 0.92331 0.015088 0.0323399
37 0.973847 0.776841 0.0151453 0.0316188
37 0.912426 0.923753 0.0111668 0.0266806
