29 0.757237 0.975035 0.046527 0.0346918
29 0.909061 0.767275 0.045224 0.0359054
29 0.102671 0.777117 0.0455056 0.032056
3 0.24022 0.367077 0.0420771 0.0998655
28 0.908692 0.544113 0.0469177 0.0304078
3 0.392191 0.513714 0.0422859 0.0997184
28 0.10254 0.55337 0.0462363 0.0306296
3 0.773783 0.36807 0.0424583 0.0993869
3 0.773781 0.180964 0.0421341 0.101048
3 0.239541 0.181403 0.0410349 0.0994202
29 0.255685 0.967319 0.0475107 0.0361067
29 0.506545 0.967255 0.0464617 0.0366882
3 0.240115 0.552831 0.0415457 0.100058
3 0.621193 0.514461 0.0428376 0.102869
7 0.48974 0.738653 0.0431488 0.100318
7 0.77404 0.738882 0.0422456 0.102307
3 0.773264 0.55251 0.0429967 0.0992745
3 0.23974 0.73833 0.0435728 0.102169
7 0.239346 0.738669 0.0427601 0.100823
3 0.773655 0.738613 0.043216 0.102594
