4 0.793497 0.706855 0.0912598 0.0819733
4 0.320382 0.511973 0.0938281 0.0829715
23 0.523831 0.566131 0.178911 0.115035
4 0.492843 0.871651 0.0941812 0.0820439
4 0.72038 0.511484 0.093166 0.0817366
0 0.321574 0.132914 0.0929526 0.0798692
0 0.719928 0.348943 0.0924669 0.079864
0 0.719839 0.132686 0.0895227 0.0806671
0 0.320097 0.348274 0.0922842 0.0805127
4 0.249216 0.707087 0.0912728 0.0832077
37 0.414314 0.4261 0.0300268 0.0211361
23 0.523068 0.29484 0.182643 0.113977
30 0.523795 0.031008 0.0907473 0.0209277
37 0.361169 0.872163 0.0298537 0.0205857
37 0.957976 0.707462 0.0289225 0.0215581
29 0.528574 0.986629 0.0509626 0.0262119
37 0.628324 0.426255 0.0311223 0.0204691
37 0.0695847 0.707109 0.0305375 0.0209822
27 0.523522 0.294573 0.180399 0.111689
