32 0.67542 0.363106 0.0381884 0.0922803
2 0.518835 0.153972 0.0598895 0.0990904
0 0.861247 0.154221 0.0590374 0.101372
32 0.122827 0.363825 0.0380971 0.0882759
0 0.310911 0.153392 0.0591805 0.102587
32 0.544721 0.635381 0.038471 0.0924493
29 0.289639 0.957692 0.067736 0.0536051
32 0.123583 0.577869 0.0372675 0.0917632
18 0.263329 0.80064 0.063727 0.111333
18 0.518701 0.801903 0.0656934 0.111092
29 0.676294 0.955429 0.0671112 0.0532327
32 0.884634 0.571967 0.0384387 0.0939835
32 0.675564 0.57805 0.0377607 0.0919206
29 0.54397 0.957741 0.0672029 0.053528
29 0.209266 0.957989 0.066702 0.0534723
29 0.465259 0.957455 0.0672726 0.0540216
23 0.416014 0.298336 0.102136 0.13995
29 0.884652 0.955342 0.0671287 0.0543659
29 0.123147 0.961445 0.0663638 0.050466
37 0.981462 0.424059 0.0176718 0.026795
30 0.88695 0.0424569 0.0361963 0.0267991
30 0.543884 0.0419524 0.0370503 0.0253044
30 0.285344 0.0422303 0.0355582 0.0259248
