29 0.131362 0.520371 0.0614936 0.0440229
6 0.195339 0.563892 0.0716432 0.111599
0 0.625254 0.216458 0.0725524 0.112668
4 0.380258 0.563904 0.0697867 0.112041
4 0.47355 0.823159 0.0700296 0.112336
6 0.811707 0.565518 0.0721302 0.108916
0 0.25402 0.216205 0.0715299 0.11199
4 0.626763 0.563379 0.0703188 0.111256
29 0.875186 0.520089 0.0620854 0.0445276
0 0.752761 0.216413 0.070875 0.113228
0 0.381497 0.215722 0.0715785 0.111212
28 0.689132 0.378334 0.0783081 0.0501538
28 0.874573 0.43594 0.0788208 0.0485302
28 0.316619 0.378713 0.0755537 0.0495705
28 0.132263 0.435878 0.0771859 0.0498433
29 0.504088 0.961193 0.0632177 0.0413224
29 0.318388 0.462742 0.0638275 0.0443792
29 0.68928 0.462847 0.0647642 0.0442958
37 0.0850746 0.360629 0.0275785 0.0348695
37 0.0867609 0.563508 0.0278161 0.0339267
37 0.919806 0.361663 0.027443 0.034836
37 0.920772 0.563887 0.026233 0.0347179
37 0.503868 0.0501426 0.0280677 0.0355619
37 0.382589 0.822735 0.0166649 0.0210017
