0 0.241838 0.212437 0.0689805 0.113151
4 0.393776 0.554349 0.0675847 0.117612
0 0.870875 0.212896 0.0691738 0.114949
0 0.871456 0.659485 0.0689068 0.110649
4 0.0519966 0.869121 0.0699359 0.116876
0 0.453507 0.211777 0.0680618 0.113914
0 0.241555 0.658783 0.0691084 0.11027
4 0.720291 0.553129 0.0689049 0.116015
4 0.527178 0.868909 0.0706169 0.114723
0 0.660854 0.212406 0.0681215 0.113931
0 0.0525249 0.212347 0.0702649 0.11692
37 0.730498 0.345268 0.0315547 0.0409493
37 0.178105 0.65963 0.0161386 0.02243
37 0.938792 0.657274 0.0128836 0.0211182
29 0.271565 0.974965 0.0328056 0.0372348
37 0.939354 0.210444 0.0127834 0.0211684
30 0.42475 0.107564 0.0308995 0.0373359
