0 0.0390089 0.357595 0.0499273 0.0823491
4 0.0394173 0.643723 0.0501806 0.0805406
0 0.317353 0.356348 0.0478727 0.0796229
0 0.0388216 0.226195 0.0499566 0.0819775
4 0.0404906 0.80096 0.0514904 0.0838711
0 0.316806 0.224009 0.0493459 0.0804392
4 0.316391 0.491407 0.0499294 0.0806957
0 0.818923 0.224193 0.0496924 0.0803727
4 0.229901 0.731782 0.0491511 0.0805078
0 0.552653 0.219634 0.0520975 0.0812562
4 0.408816 0.731753 0.0497598 0.0798519
0 0.816979 0.34748 0.0514479 0.0821973
0 0.54929 0.351679 0.0476576 0.0825544
4 0.817847 0.643474 0.0513098 0.0808861
37 0.440277 0.0712064 0.0191143 0.0183009
4 0.552283 0.490253 0.0506581 0.0832155
4 0.820373 0.800124 0.0522322 0.0806461
37 0.220837 0.491018 0.0177995 0.0184178
37 0.647619 0.489312 0.0178875 0.0177864
37 0.943544 0.530878 0.0179219 0.0180841
37 0.458817 0.937304 0.019953 0.0192781
37 0.210188 0.609821 0.0183384 0.0160303
