0 0.891604 0.242292 0.051915 0.132662
0 0.24114 0.448475 0.0516589 0.13847
0 0.640364 0.243934 0.0527288 0.136866
32 0.862424 0.397412 0.0562554 0.0713929
4 0.640667 0.731254 0.0548849 0.137899
0 0.464968 0.449342 0.0515194 0.136854
0 0.0656602 0.243729 0.0527083 0.134473
4 0.422908 0.73167 0.0532802 0.137351
4 0.065227 0.732849 0.0549659 0.139364
28 0.800426 0.398514 0.016911 0.0865982
4 0.282817 0.734838 0.0532471 0.137285
37 0.538537 0.450232 0.0290447 0.0679827
12 0.913108 0.670893 0.0368176 0.0870621
37 0.96376 0.513299 0.0275272 0.0661557
37 0.166342 0.451461 0.0288135 0.0690851
12 0.348411 0.177419 0.0368741 0.0841541
