23 0.811549 0.398266 0.152663 0.314689
29 0.586051 0.953382 0.046145 0.0503616
8 0.618838 0.302983 0.0652729 0.116846
29 0.0357805 0.95376 0.0466017 0.0499408
32 0.142109 0.487454 0.0407292 0.113091
32 0.477407 0.165036 0.0411148 0.114499
32 0.142087 0.166139 0.041091 0.11171
29 0.144103 0.953511 0.0458429 0.0494664
29 0.951253 0.953155 0.0457306 0.0485378
18 0.125824 0.768313 0.0594015 0.190226
29 0.478788 0.953935 0.0453074 0.0518676
36 0.477888 0.29791 0.0385117 0.054754
18 0.495711 0.769095 0.0565258 0.186054
37 0.950486 0.855014 0.0206764 0.0277007
