6 0.736049 0.799098 0.0652022 0.101155
6 0.599974 0.79774 0.063367 0.100626
6 0.374636 0.79796 0.0623311 0.100004
0 0.653549 0.192608 0.062621 0.0991884
0 0.0709741 0.192889 0.0609311 0.0972454
0 0.87162 0.324622 0.061457 0.10163
0 0.070945 0.466265 0.0615369 0.0990583
0 0.15056 0.465637 0.0612117 0.100429
4 0.28625 0.469429 0.0643882 0.10006
4 0.736584 0.466328 0.0605331 0.0979786
0 0.150914 0.192846 0.0619123 0.101953
4 0.0702203 0.794984 0.0629531 0.10216
0 0.735762 0.19184 0.0623016 0.0995567
0 0.340383 0.189246 0.0608818 0.0981907
4 0.654434 0.468251 0.0627443 0.0975023
4 0.521536 0.468176 0.0649007 0.101177
6 0.151314 0.79694 0.0625176 0.102501
4 0.871762 0.798436 0.0620438 0.102961
28 0.82897 0.537687 0.0189288 0.0671395
0 0.465898 0.189724 0.0614918 0.09859
29 0.943497 0.725766 0.0331764 0.0256679
32 0.0437964 0.880775 0.0375807 0.069531
37 0.229853 0.468042 0.014057 0.0240225
28 0.943581 0.62862 0.0420063 0.028501
37 0.575924 0.466512 0.0154187 0.0234998
29 0.401631 0.929438 0.0416578 0.0190892
29 0.627186 0.929948 0.0404319 0.0191804
30 0.314304 0.0783857 0.035078 0.0233171
30 0.763656 0.078508 0.0358896 0.0250018
29 0.177404 0.929913 0.0390251 0.0189597
37 0.964375 0.53831 0.0126899 0.0225093
30 0.627234 0.0787234 0.0364597 0.0243224
30 0.493196 0.0777498 0.0337184 0.0237254
29 0.762291 0.930526 0.0384756 0.0193738
30 0.178821 0.077879 0.0336105 0.0236984
