2 0.257086 0.264251 0.0240619 0.0744062
32 0.263948 0.590897 0.0157501 0.0642254
29 0.142595 0.842297 0.0534675 0.0379267
29 0.296534 0.841231 0.0283492 0.0350334
29 0.846884 0.843667 0.0287232 0.0364249
29 0.503721 0.847609 0.0216219 0.0369056
4 0.649275 0.672503 0.025458 0.0702907
32 0.154342 0.57114 0.0148119 0.0579387
32 0.154698 0.416706 0.0142418 0.0561138
0 0.0566892 0.263812 0.0218312 0.0771371
4 0.42923 0.68243 0.0214629 0.0691241
2 0.734183 0.264477 0.0220157 0.0740025
4 0.857828 0.494992 0.0234577 0.0767661
32 0.362968 0.579278 0.0275757 0.0362802
4 0.49414 0.681313 0.0224992 0.0692136
29 0.570916 0.849757 0.0216389 0.0318002
29 0.197416 0.84699 0.0201502 0.0337083
29 0.822278 0.844245 0.0390562 0.037022
0 0.560345 0.328917 0.0236794 0.073201
29 0.420397 0.848627 0.0221217 0.0361442
29 0.889786 0.850107 0.0284847 0.0319392
29 0.740088 0.845583 0.0292557 0.0392583
4 0.751342 0.666104 0.0221859 0.0716197
18 0.273514 0.728605 0.0235722 0.0809864
29 0.263071 0.841827 0.0275082 0.0371922
18 0.108822 0.726743 0.0242739 0.082368
29 0.0979415 0.842267 0.0289151 0.041123
0 0.0569317 0.131337 0.0230194 0.073697
29 0.979735 0.242936 0.0207382 0.0363036
29 0.658941 0.84903 0.0211744 0.0358206
0 0.946372 0.132982 0.028889 0.0730376
0 0.945162 0.2629 0.0237971 0.0740988
29 0.32172 0.840159 0.0300987 0.0334414
29 0.830032 0.844227 0.0547131 0.0386812
4 0.924323 0.66529 0.0247486 0.0731998
2 0.470872 0.328054 0.0225758 0.0714081
29 0.0480275 0.839572 0.0251488 0.0348603
4 0.580977 0.672784 0.0232623 0.0708502
0 0.109168 0.261653 0.0224902 0.0740871
0 0.332944 0.327524 0.023532 0.0753381
0 0.514537 0.469953 0.0274422 0.0767966
4 0.332248 0.684019 0.0231858 0.0678008
29 0.29785 0.841527 0.0489531 0.0370588
32 0.048617 0.564171 0.0161028 0.0630902
2 0.733832 0.131227 0.0234465 0.0739429
32 0.19774 0.570632 0.0160947 0.0564523
0 0.410657 0.467023 0.0236873 0.0709654
2 0.256992 0.132126 0.0216679 0.0696958
29 0.309121 0.840876 0.0563421 0.0352223
4 0.900214 0.495742 0.0224702 0.0711457
2 0.650975 0.263193 0.0237424 0.0726372
29 0.9343 0.850681 0.0290177 0.0339641
2 0.650184 0.130659 0.0246351 0.0703704
29 0.109497 0.841192 0.0484276 0.0420674
2 0.108079 0.130835 0.0253325 0.0738944
30 0.460573 0.0520416 0.0204593 0.0266993
30 0.570635 0.0524133 0.0171237 0.0248906
0 0.808898 0.261221 0.0238522 0.0726838
6 0.807761 0.66763 0.0217591 0.0727666
29 0.132642 0.843344 0.0756367 0.0392954
30 0.818771 0.051947 0.0164581 0.0247893
