12 0.49338 0.786055 0.127831 0.110375
37 0.158296 0.418495 0.0707703 0.0433201
37 0.844681 0.4177 0.0714228 0.0416161
0 0.653989 0.27014 0.138771 0.136309
4 0.765931 0.566926 0.135022 0.131903
4 0.222062 0.567994 0.138473 0.132461
0 0.332084 0.270222 0.132544 0.135456
29 0.493758 0.962242 0.10346 0.0608112
37 0.0894411 0.562517 0.0672201 0.046395
37 0.899141 0.563441 0.0678687 0.0462702
37 0.4938 0.357392 0.0472391 0.0423134
30 0.712051 0.136518 0.102461 0.0437147
30 0.27426 0.135614 0.110463 0.0414813
