29 0.58686 0.973787 0.0555283 0.0333089
0 0.801072 0.216702 0.0599133 0.0872932
4 0.161419 0.587574 0.0601034 0.089839
29 0.507182 0.667019 0.0554531 0.033433
4 0.801155 0.703071 0.0605732 0.0885459
0 0.612722 0.216717 0.0604429 0.087592
4 0.373227 0.58752 0.0600487 0.0903395
0 0.612323 0.447361 0.0605815 0.0869594
0 0.800547 0.447596 0.0592146 0.0871089
4 0.612669 0.703412 0.0609517 0.0888928
4 0.801177 0.841639 0.0611213 0.0902552
29 0.907015 0.667577 0.056807 0.0341425
4 0.613008 0.842248 0.0595337 0.0898177
28 0.9068 0.612335 0.0661644 0.0407242
4 0.241789 0.818798 0.0591 0.0874349
37 0.0570296 0.587501 0.0213868 0.0261809
37 0.707262 0.668853 0.0220378 0.0274174
28 0.506722 0.612207 0.065768 0.0428381
37 0.798426 0.563558 0.0229871 0.0264047
37 0.616338 0.563557 0.0231142 0.0270767
36 0.267164 0.722504 0.0216244 0.0148597
37 0.703678 0.185636 0.0234113 0.0280756
37 0.706726 0.808859 0.0201212 0.0266057
37 0.0571338 0.726037 0.022753 0.0264371
37 0.164026 0.818754 0.0249763 0.0270013
36 0.586573 0.329342 0.025592 0.0197916
37 0.707012 0.0707993 0.0220487 0.0292024
37 0.706468 0.416534 0.021831 0.0283621
