12 0.0820429 0.501329 0.0789855 0.133119
2 0.333885 0.182895 0.0474755 0.0920744
6 0.165701 0.829296 0.0472351 0.094446
4 0.495022 0.618967 0.0486194 0.0968456
2 0.62816 0.404898 0.0459926 0.0936213
0 0.101363 0.177449 0.0485519 0.0968688
29 0.87674 0.75307 0.0546585 0.0428453
0 0.204777 0.328146 0.0489622 0.0920969
0 0.495182 0.181874 0.0476015 0.092198
0 0.775864 0.404308 0.0473607 0.0971327
36 0.353494 0.403097 0.0221969 0.0222351
4 0.667902 0.640155 0.0463402 0.0895508
4 0.416862 0.828116 0.0474163 0.0951567
36 0.352576 0.618048 0.0194066 0.0233308
4 0.776718 0.639425 0.0480676 0.092274
4 0.667746 0.82795 0.045761 0.0944149
36 0.514918 0.402678 0.0217728 0.0228979
36 0.514892 0.335309 0.0196262 0.0239605
4 0.100697 0.828438 0.0489547 0.096908
28 0.876244 0.635519 0.0659411 0.0387225
4 0.332567 0.518979 0.0445256 0.0937172
4 0.77658 0.827511 0.0491409 0.0932185
37 0.274368 0.522097 0.0201874 0.0353145
37 0.273992 0.62317 0.0193761 0.0351737
37 0.927181 0.53223 0.0189993 0.0358167
36 0.185672 0.179205 0.0181619 0.0243429
