23 0.473879 0.437882 0.15562 0.215231
4 0.652713 0.702649 0.0753076 0.105654
4 0.652872 0.439563 0.076524 0.106755
32 0.681982 0.19898 0.0486245 0.0899474
29 0.456585 0.96495 0.0541572 0.035463
29 0.682473 0.964455 0.0540079 0.0339065
11 0.143651 0.542204 0.0691278 0.0532159
29 0.143319 0.67203 0.0531756 0.0367102
37 0.456232 0.701889 0.0207495 0.0287379
37 0.456649 0.832214 0.0203693 0.0290837
30 0.681523 0.0940766 0.0510015 0.0384443
37 0.973287 0.309801 0.0184637 0.0223868
37 0.974822 0.835702 0.0239689 0.0269789
37 0.97523 0.829649 0.0277651 0.0310937
30 0.679278 0.095145 0.0725056 0.0393987
