4 0.665789 0.573767 0.0399766 0.0618797
4 0.10701 0.74518 0.0369644 0.0605172
4 0.665446 0.445143 0.0382391 0.061135
2 0.435979 0.219375 0.037508 0.0640423
0 0.906198 0.220399 0.0378444 0.0609465
2 0.554558 0.10997 0.037499 0.0611611
2 0.3411 0.109513 0.036949 0.0621786
18 0.90519 0.799831 0.0406279 0.0710139
4 0.341614 0.618405 0.0371208 0.061524
0 0.906483 0.107817 0.0362168 0.0623338
4 0.211946 0.603904 0.0383787 0.0631489
29 0.423796 0.897933 0.0432371 0.0304731
18 0.636534 0.799764 0.0411074 0.0707952
29 0.810636 0.896922 0.0399336 0.0343767
2 0.666307 0.108133 0.037204 0.0623375
0 0.076218 0.2198 0.0359809 0.0623285
0 0.076244 0.107404 0.0355484 0.0608364
18 0.313821 0.801378 0.0407995 0.0694134
4 0.794755 0.573538 0.0376716 0.0630225
29 0.922329 0.895095 0.040082 0.0333025
2 0.666221 0.221052 0.0372074 0.0653545
4 0.437373 0.747675 0.0393425 0.0608399
29 0.328978 0.898072 0.0436533 0.0326554
2 0.794808 0.107832 0.0368487 0.0608674
29 0.761023 0.89633 0.0408825 0.0342072
2 0.554652 0.219091 0.0380915 0.0625705
2 0.793727 0.219645 0.0388704 0.062489
29 0.872654 0.893768 0.0414234 0.0329804
4 0.526261 0.747255 0.0359604 0.0630728
6 0.145966 0.604207 0.0375882 0.061517
4 0.795341 0.444729 0.0363987 0.0625396
0 0.340453 0.22069 0.036402 0.0608162
29 0.160589 0.902412 0.0411346 0.0302243
29 0.602657 0.895643 0.0423317 0.033141
29 0.652506 0.896752 0.0423387 0.0347688
18 0.793474 0.800403 0.0419329 0.0700458
29 0.22672 0.897993 0.0415706 0.0301147
32 0.920703 0.570391 0.0250656 0.0566969
29 0.541628 0.897685 0.0438411 0.0314197
29 0.278673 0.89723 0.041431 0.032555
29 0.0208735 0.198816 0.0378764 0.0320953
32 0.810157 0.70045 0.0242833 0.0575296
29 0.0918601 0.903101 0.0421547 0.0331161
30 0.0908238 0.0387897 0.0225687 0.0168837
30 0.0662927 0.0382767 0.0103844 0.0150538
30 0.0847058 0.0391661 0.0316623 0.017461
37 0.98032 0.475769 0.0108428 0.0145039
30 0.808736 0.0382322 0.0183537 0.0167098
30 0.325043 0.0387975 0.0218898 0.0168767
30 0.923137 0.0400547 0.023362 0.0183058
30 0.421871 0.0391459 0.0228872 0.0170556
