29 0.757212 0.974999 0.046542 0.0345462
29 0.102692 0.777095 0.0456028 0.03198
29 0.909053 0.767321 0.0452648 0.0359626
3 0.240212 0.366952 0.0421234 0.0999696
28 0.908671 0.544106 0.0469566 0.0304968
3 0.392171 0.513674 0.0422674 0.0997241
28 0.102579 0.553335 0.0462412 0.0305923
3 0.773768 0.367939 0.0425231 0.0994189
3 0.773776 0.180996 0.0422486 0.101209
3 0.239572 0.18139 0.0410609 0.0993527
29 0.255658 0.967329 0.0475501 0.0361821
29 0.506464 0.967261 0.0466462 0.0368644
3 0.240119 0.552799 0.0415977 0.100089
3 0.621198 0.51431 0.0429449 0.102776
7 0.489958 0.738629 0.04311 0.0999536
7 0.774047 0.738815 0.042272 0.102303
3 0.773245 0.552553 0.0430408 0.0993838
7 0.23934 0.738644 0.042818 0.100823
3 0.23974 0.738308 0.0436192 0.102136
