14 0.524501 0.772026 0.0374773 0.0904002
14 0.166543 0.77239 0.037542 0.0876547
14 0.297059 0.264479 0.0388927 0.0890956
14 0.752991 0.381017 0.0377035 0.087301
32 0.719087 0.46105 0.0363941 0.0290621
14 0.138933 0.264939 0.0367314 0.0892292
14 0.912662 0.189127 0.0382572 0.0901539
14 0.454551 0.772971 0.0379957 0.0912711
18 0.913364 0.767585 0.0391296 0.0897943
32 0.766929 0.907987 0.0179556 0.059265
14 0.753278 0.681831 0.0382451 0.0906177
14 0.646847 0.770394 0.0378177 0.0911913
18 0.166064 0.40665 0.0376773 0.0866286
14 0.269139 0.77228 0.0371112 0.0886613
18 0.427475 0.132845 0.0384535 0.0877497
14 0.682197 0.592898 0.0371657 0.0903615
14 0.192624 0.59235 0.0385988 0.0926098
18 0.25371 0.131413 0.0377314 0.0873195
18 0.752286 0.131198 0.0388452 0.0869941
32 0.440663 0.906388 0.0182424 0.0584739
28 0.615228 0.377004 0.0325793 0.0240026
32 0.538457 0.281479 0.0177567 0.057384
32 0.152015 0.904275 0.0187043 0.0572945
14 0.832146 0.327396 0.0370311 0.0917283
32 0.718322 0.295723 0.0363582 0.027617
32 0.282835 0.907204 0.0171873 0.0556851
32 0.926404 0.424441 0.0183556 0.0566718
32 0.224039 0.906309 0.0176764 0.0605672
18 0.269437 0.407403 0.0377348 0.0858272
32 0.696161 0.906489 0.016712 0.0587856
32 0.927058 0.639714 0.0181429 0.0601935
18 0.552452 0.130659 0.0378571 0.0835584
37 0.928379 0.983159 0.0155024 0.0198387
37 0.118071 0.839619 0.00883871 0.0178046
29 0.766516 0.983898 0.0141054 0.0227734
