4 0.474966 0.791046 0.0267092 0.0802259
4 0.388219 0.521033 0.0273813 0.100588
6 0.3877 0.791116 0.027113 0.0807604
2 0.563809 0.418401 0.0300739 0.0901608
0 0.387011 0.327343 0.0280493 0.0874168
0 0.289464 0.328631 0.0290351 0.0835375
4 0.694631 0.778688 0.0293209 0.0887331
0 0.0609297 0.333217 0.0274276 0.0860179
0 0.694183 0.331947 0.0287974 0.0845553
4 0.58712 0.778283 0.026216 0.0893944
0 0.69439 0.154761 0.028889 0.0861757
28 0.62797 0.516592 0.0158562 0.0618019
0 0.167586 0.332323 0.027777 0.0863477
4 0.28974 0.517312 0.0273942 0.085845
4 0.890956 0.669765 0.0297801 0.0859904
4 0.289912 0.79004 0.0263283 0.0801387
29 0.544565 0.941427 0.029485 0.037228
0 0.88973 0.419738 0.0282055 0.0895062
28 0.964132 0.70531 0.0301979 0.0303607
2 0.103064 0.158021 0.0290128 0.0845245
28 0.801551 0.819555 0.0281018 0.0327879
32 0.802407 0.756774 0.0230141 0.05229
37 0.651525 0.326734 0.0134275 0.0248758
0 0.102616 0.156828 0.0286404 0.083176
37 0.212998 0.330817 0.00762082 0.0193786
30 0.398886 0.0719543 0.0225871 0.0281809
30 0.276184 0.0729604 0.0240869 0.0267972
