2 0.707846 0.202743 0.0297726 0.0565684
6 0.312507 0.625045 0.0289797 0.0537054
32 0.811878 0.415934 0.0247993 0.0685774
2 0.514541 0.1546 0.0268167 0.0557183
4 0.535051 0.800034 0.0268236 0.0547216
2 0.174418 0.155332 0.0281491 0.0538686
0 0.568647 0.203149 0.0277998 0.0544463
0 0.413125 0.358723 0.0278686 0.0583674
0 0.610489 0.153469 0.0269718 0.0559646
0 0.801015 0.282477 0.0300327 0.059139
29 0.698372 0.939171 0.0344281 0.0242924
32 0.812066 0.592129 0.0246752 0.0712326
0 0.610865 0.425311 0.0284036 0.0546399
0 0.141795 0.507149 0.0300919 0.0546156
6 0.313089 0.797845 0.0274569 0.0518592
0 0.223551 0.506636 0.0280839 0.058855
4 0.4133 0.797096 0.0285298 0.0553971
4 0.61102 0.799589 0.0274433 0.0552682
4 0.687576 0.592873 0.028188 0.053133
32 0.944693 0.573206 0.0244175 0.070176
0 0.413481 0.245565 0.0271207 0.0581589
0 0.333644 0.246252 0.0264266 0.0610313
28 0.4877 0.694933 0.0183451 0.0438099
0 0.333172 0.35921 0.0277553 0.0610638
28 0.889695 0.581834 0.0297724 0.0282643
4 0.413436 0.625968 0.02766 0.0533153
37 0.976687 0.35921 0.0203125 0.0273629
37 0.0500356 0.508639 0.0210484 0.0251561
37 0.269468 0.797187 0.0115723 0.016247
37 0.269321 0.62554 0.0105748 0.0162098
37 0.0273774 0.0566171 0.0222732 0.0276595
30 0.184115 0.0589825 0.0282877 0.021087
37 0.1028 0.156248 0.0131536 0.0170742
30 0.323857 0.0590052 0.0261471 0.0217831
30 0.619171 0.0585659 0.0279469 0.0213252
30 0.697153 0.0582887 0.028453 0.020095
30 0.422811 0.0583817 0.0248943 0.0205617
30 0.558964 0.0581353 0.0265824 0.0206397
