29 0.586929 0.973695 0.055281 0.0332825
0 0.801106 0.216749 0.0599674 0.0872966
4 0.161402 0.587444 0.060193 0.089614
29 0.507143 0.666892 0.0553272 0.0332129
4 0.801141 0.703055 0.0605825 0.0884332
0 0.612694 0.216776 0.0603835 0.0875462
4 0.373219 0.587515 0.0601104 0.0902581
0 0.612299 0.447303 0.0608402 0.0869473
0 0.800584 0.447563 0.059293 0.0869651
4 0.612653 0.703408 0.0610277 0.0888389
4 0.80118 0.84164 0.0611342 0.0901137
29 0.907007 0.667588 0.0567793 0.0340548
4 0.612964 0.842194 0.05958 0.0894978
28 0.906869 0.612261 0.066091 0.0407797
4 0.241787 0.818767 0.0592442 0.0874353
37 0.0569866 0.587407 0.0214706 0.0263518
37 0.707234 0.668892 0.0220738 0.0274807
28 0.506611 0.61124 0.0671419 0.0423761
37 0.798464 0.563553 0.0230018 0.0263884
37 0.616355 0.563578 0.0231583 0.0271564
36 0.267153 0.722514 0.0216903 0.01481
37 0.706697 0.8089 0.0201549 0.0266168
37 0.703671 0.185696 0.023164 0.027922
37 0.057131 0.726039 0.0227996 0.0264364
37 0.164004 0.818756 0.0249852 0.0270427
36 0.586545 0.329279 0.0255978 0.0197708
37 0.706959 0.0707766 0.0221743 0.0292995
37 0.706463 0.416463 0.0218826 0.0284014
