32 0.866003 0.53623 0.0540695 0.177425
23 0.317374 0.603623 0.161775 0.394163
29 0.866436 0.914224 0.0791382 0.118904
32 0.50542 0.351214 0.0544063 0.175685
32 0.694876 0.353593 0.0549919 0.1788
29 0.6963 0.915825 0.0795568 0.115318
32 0.505247 0.724307 0.0527942 0.183272
29 0.505446 0.917908 0.0782841 0.114766
37 0.951751 0.180921 0.0242128 0.0500441
0 0.211481 0.273909 0.122056 0.207215
37 0.0426473 0.180069 0.0239858 0.0510259
37 0.437505 0.719716 0.0239044 0.0504377
28 0.694562 0.70483 0.0978363 0.0993828
