2 0.333879 0.182872 0.0474819 0.0919272
12 0.0820535 0.501319 0.0789575 0.133056
6 0.165704 0.829293 0.0472383 0.0944618
4 0.495038 0.61901 0.0485161 0.0968086
2 0.62814 0.404803 0.0460469 0.0935549
0 0.101361 0.177465 0.0485934 0.0968528
29 0.87675 0.753061 0.0546657 0.0428034
0 0.495176 0.181911 0.0476364 0.0920967
0 0.204743 0.328187 0.0489235 0.0921292
36 0.353514 0.403193 0.0219764 0.0220244
0 0.775851 0.404293 0.0474109 0.0968684
4 0.667896 0.640112 0.046287 0.0895926
36 0.352573 0.618041 0.019385 0.0232675
4 0.41688 0.82811 0.0473988 0.0951716
4 0.776719 0.63939 0.0481294 0.0923896
4 0.667701 0.827952 0.0457601 0.0943766
36 0.514933 0.402732 0.0217314 0.0228289
36 0.5149 0.335253 0.0196421 0.0238998
4 0.100698 0.828461 0.0489182 0.0968641
28 0.876236 0.635502 0.0659217 0.038761
4 0.332551 0.518972 0.0445721 0.0937383
4 0.776578 0.827531 0.0491739 0.0932535
37 0.274375 0.522114 0.0201895 0.0352291
37 0.273954 0.623197 0.0194596 0.0351994
37 0.927165 0.532292 0.0189907 0.0358875
36 0.185728 0.179194 0.0179978 0.024171
