32 0.913451 0.721672 0.024298 0.0714898
12 0.224791 0.0719835 0.0464288 0.063385
7 0.489571 0.776565 0.0424988 0.0743324
3 0.521531 0.347266 0.0399126 0.0757538
3 0.208493 0.270414 0.0401233 0.0766868
3 0.897726 0.449795 0.0407568 0.0738707
3 0.702826 0.347034 0.0438038 0.0768295
7 0.702975 0.775394 0.0446293 0.0755835
7 0.134749 0.774814 0.0441647 0.0742435
3 0.348463 0.502071 0.0411982 0.0755371
7 0.347829 0.774979 0.0432768 0.0745108
3 0.104008 0.502589 0.0411296 0.0753298
37 0.985057 0.5675 0.0117611 0.0202248
30 0.718013 0.0310291 0.033766 0.0238293
37 0.394836 0.503831 0.010157 0.0185547
30 0.916047 0.0309459 0.0349895 0.0216355
30 0.504854 0.0308854 0.0315658 0.0213055
37 0.0587854 0.503744 0.0114586 0.017445
