4 0.665789 0.573746 0.0398846 0.0618909
4 0.107013 0.745273 0.0369124 0.0603456
4 0.66545 0.44514 0.0382052 0.0611211
2 0.435981 0.21939 0.0374501 0.0640612
0 0.906206 0.220393 0.0378643 0.0609939
2 0.554555 0.109984 0.0374377 0.0610428
4 0.341634 0.618438 0.0370359 0.0613622
18 0.905236 0.799818 0.0405811 0.0708791
0 0.906488 0.107814 0.0362137 0.0623356
2 0.341108 0.10944 0.036943 0.0619196
4 0.211956 0.603928 0.0383721 0.0631794
29 0.423769 0.897918 0.043141 0.0304795
2 0.666325 0.108092 0.0371347 0.0622001
18 0.63654 0.79975 0.0411783 0.0706884
29 0.810638 0.896884 0.039949 0.0343244
0 0.0762177 0.21985 0.0360214 0.0621902
0 0.0762501 0.107404 0.0355726 0.060741
18 0.313854 0.801358 0.0408914 0.0693903
4 0.794771 0.57354 0.0376272 0.0630928
29 0.922333 0.895085 0.0401411 0.03323
2 0.666214 0.221031 0.0372118 0.0653445
29 0.329012 0.898056 0.0436397 0.0326714
4 0.437401 0.747666 0.0392895 0.0609122
29 0.761055 0.896332 0.0408739 0.0342167
2 0.794833 0.108443 0.0364311 0.0583549
2 0.793756 0.21965 0.0388195 0.0625563
2 0.554664 0.219553 0.0380245 0.0624683
29 0.872673 0.893732 0.0413872 0.0329329
6 0.145945 0.60421 0.037539 0.0615612
4 0.526277 0.7473 0.0359867 0.0630026
0 0.340455 0.220679 0.036416 0.0607638
4 0.795346 0.444727 0.0364129 0.0625654
29 0.160599 0.902315 0.0411497 0.0300588
29 0.602625 0.895632 0.0422742 0.0331405
29 0.652518 0.89673 0.0423311 0.0347673
18 0.793514 0.800458 0.0418331 0.0699406
29 0.22676 0.898021 0.0414877 0.0300216
32 0.920706 0.570386 0.0250778 0.0567614
29 0.5416 0.89765 0.0438044 0.0314067
29 0.0208807 0.198808 0.0378959 0.0319408
29 0.278673 0.89725 0.0414708 0.0325357
32 0.81016 0.700409 0.0242367 0.0574046
29 0.0918867 0.903075 0.042132 0.0330501
30 0.0907848 0.0388114 0.0228684 0.0168123
30 0.0663206 0.0382879 0.0103764 0.0150075
30 0.0846708 0.0391897 0.0319381 0.01737
37 0.980341 0.475639 0.0108719 0.0144574
30 0.80873 0.0382439 0.0184059 0.0166908
30 0.325042 0.038828 0.0218891 0.0168556
30 0.923183 0.0400714 0.0233974 0.0183497
30 0.421872 0.0391634 0.0229192 0.0170253
