4 0.313778 0.787734 0.0843148 0.13554
4 0.495838 0.787688 0.082501 0.133734
0 0.130494 0.230528 0.0833493 0.132778
4 0.858413 0.787869 0.0831531 0.13416
0 0.85807 0.342687 0.0827498 0.134294
12 0.0990536 0.563457 0.115523 0.128632
4 0.677489 0.787521 0.0801694 0.134889
0 0.3136 0.342655 0.08203 0.133363
0 0.556023 0.229894 0.0798975 0.132843
29 0.152205 0.950779 0.0906394 0.0462062
37 0.763609 0.565013 0.0489237 0.0475312
37 0.974596 0.454385 0.0491873 0.0426735
37 0.408522 0.564848 0.0492875 0.0484775
7 0.677929 0.563552 0.0831432 0.133031
36 0.276832 0.231963 0.0230189 0.0399295
36 0.58102 0.343579 0.0234416 0.0413308
7 0.495749 0.562536 0.0821676 0.133172
37 0.950885 0.89626 0.0227699 0.0306017
30 0.100145 0.121105 0.0408613 0.0384102
30 0.887036 0.123268 0.0468819 0.0405633
30 0.281523 0.121313 0.0403633 0.039791
30 0.585233 0.121898 0.0475691 0.0398684
37 0.0373138 0.896766 0.0211685 0.0310405
37 0.951227 0.121586 0.0219087 0.0281214
