0 0.0505179 0.328705 0.030522 0.0587115
0 0.193589 0.329832 0.029535 0.0586288
0 0.217952 0.216312 0.0300994 0.0588102
32 0.331214 0.7411 0.0357211 0.0581991
4 0.489513 0.758501 0.0276286 0.0657133
0 0.467195 0.501328 0.0289003 0.0582558
0 0.627991 0.501908 0.0296289 0.0587105
4 0.605454 0.758687 0.028278 0.0623564
0 0.391066 0.32845 0.0310596 0.0604119
0 0.748043 0.328209 0.0299377 0.060315
0 0.543839 0.32877 0.0291571 0.0593341
2 0.39 0.215775 0.0321628 0.0602212
18 0.748827 0.827909 0.0300337 0.0660514
0 0.900991 0.329814 0.0305956 0.0590244
32 0.759833 0.707538 0.0300877 0.0492603
2 0.748333 0.216176 0.0302333 0.0609762
29 0.530034 0.960739 0.0366592 0.0391185
32 0.821333 0.708748 0.0304886 0.0462503
4 0.0502235 0.748718 0.0281777 0.0636717
2 0.543965 0.216332 0.0302409 0.0608574
0 0.900898 0.215472 0.0298416 0.0598935
32 0.912226 0.714402 0.0307753 0.0516789
18 0.393622 0.832381 0.0318421 0.0623996
4 0.1951 0.749348 0.0274781 0.0620919
37 0.968059 0.573072 0.0143642 0.0229026
4 0.121482 0.851124 0.0389014 0.043293
30 0.401109 0.101329 0.0359271 0.0299561
30 0.204372 0.100172 0.0331534 0.0282773
30 0.553709 0.0998753 0.0317741 0.0285404
30 0.758776 0.0992849 0.0285817 0.0272266
