11 0.171106 0.287277 0.0780906 0.0778906
4 0.373748 0.756882 0.0772864 0.11516
0 0.311788 0.468455 0.0773975 0.111123
29 0.171688 0.379966 0.0658791 0.0453362
4 0.60588 0.756265 0.0773903 0.113564
0 0.458681 0.20992 0.075802 0.112547
0 0.666851 0.468817 0.0753676 0.111125
29 0.0495848 0.955176 0.0654945 0.0472992
29 0.831907 0.95509 0.0655239 0.0478442
37 0.931905 0.468752 0.0300268 0.0359654
29 0.932083 0.95513 0.0653988 0.0475402
29 0.490215 0.954082 0.0687061 0.0453976
37 0.831443 0.614577 0.0295705 0.0343409
37 0.0490465 0.469087 0.0292638 0.036283
37 0.831587 0.862766 0.029674 0.0330045
37 0.0489137 0.862628 0.0304067 0.0337799
37 0.931474 0.86283 0.0295527 0.0332039
37 0.489193 0.0770756 0.0302205 0.0379473
37 0.657807 0.706259 0.0306742 0.0356007
