2 0.414227 0.244458 0.0629743 0.148636
0 0.558389 0.46447 0.0655025 0.150269
0 0.189191 0.242475 0.0621835 0.148933
4 0.189021 0.725561 0.06244 0.15224
32 0.162888 0.492301 0.0367193 0.124827
4 0.377316 0.7395 0.0621641 0.15101
28 0.746362 0.435006 0.0308259 0.108683
4 0.505073 0.738314 0.0624752 0.152057
0 0.324739 0.464968 0.0631402 0.149281
0 0.771492 0.242299 0.0630727 0.150224
4 0.771023 0.62503 0.0626859 0.149614
29 0.892226 0.685923 0.0622177 0.062761
30 0.441687 0.0952661 0.0477751 0.0333449
28 0.892394 0.525895 0.0626629 0.0556836
37 0.266364 0.464364 0.0201292 0.036662
29 0.532722 0.961286 0.063483 0.0636878
37 0.932304 0.43654 0.0193233 0.0359704
37 0.617189 0.463851 0.0199858 0.0361958
