23 0.430435 0.294767 0.277971 0.13707
18 0.647818 0.835775 0.147753 0.0869218
18 0.213439 0.836693 0.150977 0.0881382
32 0.148202 0.522649 0.0878115 0.0858286
32 0.148671 0.698929 0.0898724 0.0875108
0 0.195352 0.166775 0.121119 0.0928204
32 0.709804 0.346646 0.088663 0.0877604
32 0.710701 0.521554 0.0883625 0.0862518
0 0.661299 0.165877 0.118538 0.0890508
29 0.435304 0.985621 0.21548 0.0287583
37 0.912498 0.23682 0.0444547 0.0261874
30 0.147603 0.0640465 0.0551066 0.0201412
30 0.70852 0.0626549 0.0617389 0.0199907
37 0.955533 0.0627092 0.0268986 0.0161248
37 0.0906844 0.942645 0.0284515 0.0179872
37 0.956013 0.940454 0.0300361 0.0179538
37 0.912344 0.275911 0.0381895 0.0355069
