4 0.419306 0.45958 0.0614711 0.0998017
12 0.112154 0.19763 0.0977303 0.121181
0 0.41981 0.197747 0.0622208 0.0986175
0 0.754868 0.197104 0.0625404 0.10092
4 0.640284 0.459072 0.0624363 0.101824
4 0.137551 0.667504 0.0623876 0.100148
0 0.640065 0.1976 0.0634216 0.10035
36 0.530154 0.611938 0.0297171 0.0261436
4 0.304099 0.824919 0.0651483 0.10057
0 0.305071 0.197134 0.0645504 0.100084
37 0.0487806 0.621049 0.024195 0.0304559
4 0.754836 0.823175 0.0647023 0.103196
29 0.0482478 0.679788 0.0560826 0.039465
28 0.85321 0.461121 0.0700588 0.0445571
37 0.0489442 0.459329 0.0245412 0.0322723
29 0.852847 0.584271 0.0572325 0.0400211
36 0.111943 0.453357 0.0280207 0.0263327
36 0.279406 0.453666 0.0282424 0.0236115
36 0.278945 0.662771 0.025879 0.0223704
37 0.905508 0.35489 0.0253609 0.0312704
4 0.503126 0.667393 0.0623577 0.101129
36 0.613291 0.349493 0.0271101 0.0231243
36 0.529707 0.818009 0.0265225 0.0221402
36 0.446487 0.350146 0.0259962 0.0214767
30 0.446257 0.0962375 0.035566 0.020676
30 0.280144 0.0959256 0.0335378 0.0185605
30 0.61271 0.0955533 0.0340659 0.0187384
