23 0.249694 0.433263 0.139108 0.263263
4 0.666623 0.424201 0.0613001 0.113398
12 0.890038 0.692436 0.0700561 0.11633
0 0.508785 0.19255 0.0596942 0.114514
0 0.78473 0.300342 0.0618018 0.112429
0 0.666527 0.192004 0.0608025 0.114883
4 0.457042 0.436132 0.0628532 0.113407
29 0.810732 0.973105 0.0450565 0.0535662
29 0.482877 0.601857 0.0443523 0.0531245
29 0.692121 0.594017 0.0455877 0.0518388
32 0.810263 0.780881 0.0447668 0.086615
32 0.809351 0.567581 0.0454146 0.084826
37 0.142525 0.374115 0.0263193 0.0445034
29 0.890597 0.972659 0.0452641 0.0516249
37 0.612443 0.422883 0.0259945 0.0424477
30 0.484603 0.0783568 0.030186 0.0254753
