14 0.524505 0.772035 0.0374687 0.0903918
14 0.16654 0.772386 0.0375435 0.0876463
14 0.297059 0.264479 0.0388862 0.089102
14 0.752994 0.381021 0.0377072 0.0873077
32 0.719087 0.461053 0.0363953 0.0290607
14 0.138925 0.264943 0.03675 0.0892267
14 0.912659 0.18914 0.0382579 0.0901273
14 0.454551 0.772973 0.0380047 0.091274
18 0.913362 0.767582 0.03913 0.0898007
32 0.766928 0.907988 0.0179564 0.0592625
14 0.753279 0.681861 0.0382554 0.09056
14 0.646848 0.770399 0.0378165 0.0911852
18 0.166065 0.40665 0.037679 0.0866267
14 0.26914 0.77228 0.0371135 0.0886453
18 0.427475 0.132845 0.0384533 0.0877492
14 0.682212 0.592903 0.0371989 0.0903482
14 0.192623 0.592357 0.0386001 0.0925964
18 0.253708 0.131423 0.0377325 0.0873389
18 0.752287 0.131194 0.0388458 0.0869911
32 0.440668 0.906397 0.0182358 0.0584734
28 0.615227 0.376989 0.0325775 0.0239786
32 0.538457 0.28148 0.017757 0.0573806
14 0.832147 0.327397 0.0370357 0.0917301
32 0.152018 0.904261 0.0187079 0.0573165
32 0.718322 0.295723 0.0363596 0.0276146
32 0.282832 0.90721 0.0171882 0.0556691
32 0.926405 0.42444 0.0183575 0.0566699
32 0.224036 0.906307 0.0176725 0.0605672
18 0.269436 0.407402 0.0377388 0.0858205
32 0.696163 0.906491 0.0167127 0.0587818
32 0.927058 0.639718 0.0181442 0.0601857
18 0.552453 0.130656 0.0378603 0.0835585
37 0.928381 0.983151 0.0154892 0.0198426
37 0.118074 0.839615 0.00883222 0.0177919
29 0.766516 0.983898 0.0141064 0.0227726
