6 0.35691 0.795682 0.0541082 0.11796
4 0.500694 0.494774 0.0547589 0.118528
32 0.736172 0.382153 0.0778921 0.079374
4 0.253163 0.494756 0.0540904 0.117852
4 0.831528 0.793727 0.0550213 0.120749
0 0.83144 0.203876 0.0520985 0.11728
0 0.457299 0.203739 0.0524291 0.114621
0 0.296248 0.20363 0.0522542 0.116212
4 0.0916174 0.793525 0.0550374 0.121884
28 0.619543 0.382505 0.0323645 0.096138
32 0.07189 0.305835 0.0442337 0.131258
37 0.183731 0.494052 0.0233915 0.0365674
37 0.911691 0.381874 0.020487 0.0367465
36 0.378843 0.652966 0.0219916 0.0248102
37 0.184299 0.658716 0.022279 0.0383491
30 0.479215 0.0903599 0.0310074 0.0298294
30 0.275238 0.0902205 0.0323621 0.0285801
37 0.145803 0.490628 0.00974474 0.0203728
