2 0.707863 0.202826 0.029809 0.0568469
6 0.312532 0.624989 0.0289994 0.0538276
32 0.811878 0.415946 0.0248331 0.06872
2 0.514539 0.15455 0.0268153 0.0558484
4 0.535022 0.800043 0.0268793 0.0548931
0 0.413126 0.358702 0.0278671 0.0585052
0 0.56865 0.20322 0.0277593 0.0547835
2 0.174324 0.155375 0.0283574 0.0540744
0 0.610442 0.153415 0.0270754 0.056043
0 0.800997 0.282417 0.0301083 0.0591331
32 0.812078 0.592195 0.0246658 0.0713203
29 0.698366 0.939181 0.034424 0.0243256
0 0.610812 0.425288 0.0285311 0.0546803
6 0.313092 0.797954 0.0274552 0.0522168
0 0.223524 0.506711 0.0281219 0.0590158
0 0.14181 0.507182 0.0300954 0.0546995
4 0.413315 0.797145 0.0285565 0.0555261
4 0.610987 0.799565 0.0274447 0.0554192
4 0.687583 0.592868 0.0282209 0.0531266
32 0.944645 0.573215 0.0245236 0.0702366
0 0.413503 0.245537 0.027174 0.058323
28 0.487708 0.694899 0.0184137 0.0439723
0 0.333658 0.246206 0.026436 0.0611315
0 0.3333 0.359305 0.0277709 0.0607673
28 0.88975 0.581787 0.0299584 0.0283085
4 0.413395 0.625911 0.0277118 0.0535771
37 0.976657 0.359181 0.0202953 0.0274968
37 0.0500179 0.508623 0.02104 0.0252911
37 0.269338 0.797663 0.0114642 0.0168373
37 0.0274154 0.0566286 0.0222766 0.0276926
37 0.269247 0.625493 0.0104838 0.0163259
30 0.184044 0.0589699 0.0282696 0.0210824
37 0.102806 0.156257 0.0131279 0.0170555
30 0.323855 0.0589504 0.0261005 0.0218508
30 0.61921 0.0585118 0.0279046 0.0213871
30 0.697162 0.0582906 0.0284397 0.0201991
30 0.422837 0.0583761 0.0247887 0.0207029
30 0.55896 0.0580573 0.0264683 0.02069
