4 0.508802 0.435799 0.0505127 0.116912
0 0.466926 0.220664 0.0510783 0.116586
0 0.691577 0.221051 0.0525572 0.116311
4 0.860678 0.434592 0.0519218 0.119137
4 0.338287 0.428663 0.0523936 0.114891
4 0.861981 0.789228 0.0537184 0.121075
32 0.106784 0.256809 0.0322259 0.0990585
4 0.691903 0.788538 0.0531454 0.119738
0 0.380932 0.219226 0.0523604 0.116232
4 0.401647 0.787379 0.0521745 0.118868
4 0.128148 0.788869 0.0514757 0.117889
36 0.712463 0.656057 0.0371187 0.049169
36 0.107848 0.419204 0.0370446 0.0486231
36 0.421999 0.657278 0.0356364 0.0504094
29 0.973475 0.853239 0.0353561 0.0399049
29 0.578257 0.533697 0.0384499 0.0388572
29 0.0282226 0.739526 0.0375633 0.0408535
30 0.88145 0.0936246 0.0269348 0.0384588
30 0.107343 0.094366 0.0247814 0.0431194
37 0.973948 0.540117 0.0141102 0.0296604
37 0.0282489 0.427279 0.0128133 0.0299386
30 0.713365 0.0917751 0.0269694 0.039229
30 0.360405 0.0927062 0.0279889 0.038292
30 0.488296 0.09152 0.0260643 0.0370297
37 0.0280742 0.663562 0.014768 0.03129
37 0.97385 0.776915 0.0151352 0.0315212
37 0.0762598 0.923311 0.0150348 0.0322246
37 0.91245 0.923815 0.0112007 0.0267069
