4 0.419311 0.459574 0.061414 0.0997573
12 0.11215 0.197628 0.0976852 0.121146
0 0.419776 0.197738 0.0620871 0.0986343
0 0.754877 0.197083 0.0624318 0.100922
4 0.640271 0.459037 0.0623941 0.101693
4 0.137572 0.667607 0.0622863 0.0999318
0 0.640097 0.197544 0.0633328 0.100441
36 0.530136 0.612089 0.0298253 0.0265997
4 0.304095 0.82493 0.0650504 0.10065
0 0.305056 0.197152 0.0644831 0.100083
4 0.754838 0.823202 0.0645852 0.103174
37 0.048801 0.621089 0.0241125 0.030578
29 0.0482766 0.679834 0.0559354 0.0396362
28 0.85318 0.461089 0.0702099 0.0444979
37 0.0489388 0.459346 0.0245842 0.0323014
29 0.852839 0.584327 0.0571117 0.0400846
36 0.111963 0.453344 0.0280926 0.026477
36 0.279387 0.45368 0.0282318 0.0236743
36 0.278985 0.662816 0.0257257 0.0224511
4 0.503054 0.667437 0.0622379 0.101029
37 0.905503 0.354856 0.0254356 0.0312957
36 0.613288 0.349472 0.0271795 0.0231085
36 0.529708 0.818021 0.0265472 0.0220732
36 0.446432 0.350178 0.0260069 0.0213989
30 0.446232 0.0962412 0.0354109 0.0205961
30 0.280103 0.0959476 0.0337162 0.0185723
30 0.612638 0.0955366 0.0339175 0.018707
